wall2
30 14 30 14 30 15 30 16 30 17 30 18 30 19 30 20 30 21 30 22 30 23 30 24 30 25 30 26 20 20 21 20 22 20 23 20 24 20 25 20 26 20 27 20 28 20 29 20 30 20 31 20 32 20 33 20 34 20 35 20 36 20 37 20 38 20 39 20 40 20 20 20
end
wall3
20 14 21 14 22 14 23 14 24 14 25 14 26 14 27 14 28 14 29 14 30 14 31 14 32 14 33 14 34 14 35 14 36 14 37 14 38 14 39 14 40 14 20 14 20 26 21 26 22 26 23 26 24 26 25 26 26 26 27 26 28 26 29 26 30 26 31 26 32 26 33 26 34 26 35 26 36 26 37 26 38 26 39 26 40 26 20 26
end
wall4
18 18 19 18 20 18 21 18 22 18 23 18 24 18 25 18 26 18 18 18 34 18 35 18 36 18 37 18 38 18 39 18 40 18 41 18 42 18 34 18 18 22 19 22 20 22 21 22 22 22 23 22 24 22 25 22 26 22 18 22 34 22 35 22 36 22 37 22 38 22 39 22 40 22 41 22 42 22 34 22 26 12 26 12 26 13 26 14 26 15 26 16 26 17 26 18 26 22 26 22 26 23 26 24 26 25 26 26 26 27 26 28 34 12 34 12 34 13 34 14 34 15 34 16 34 17 34 18 34 22 34 22 34 23 34 24 34 25 34 26 34 27 34 28
end
wall5
18 18 19 18 20 18 21 18 22 18 23 18 24 18 25 18 26 18 18 18 34 18 35 18 36 18 37 18 38 18 39 18 40 18 41 18 42 18 34 18 18 22 19 22 20 22 21 22 22 22 23 22 24 22 25 22 26 22 18 22 34 22 35 22 36 22 37 22 38 22 39 22 40 22 41 22 42 22 34 22 26 12 26 12 26 13 26 14 26 15 26 16 26 17 26 18 26 22 26 22 26 23 26 24 26 25 26 26 26 27 26 28 34 12 34 12 34 13 34 14 34 15 34 16 34 17 34 18 34 22 34 22 34 23 34 24 34 25 34 26 34 27 34 28 15 12 15 12 15 13 15 14 15 15 15 16 15 17 15 18 15 19 15 20 15 21 15 22 15 23 15 24 15 25 15 26 15 27 15 28 45 12 45 12 45 13 45 14 45 15 45 16 45 17 45 18 45 19 45 20 45 21 45 22 45 23 45 24 45 25 45 26 45 27 45 28 15 12 16 12 17 12 18 12 19 12 15 12 15 28 16 28 17 28 18 28 19 28 15 28 41 12 42 12 43 12 44 12 45 12 41 12 41 28 42 28 43 28 44 28 45 28 41 28
end